contract component n k
1 1 4 4
1 1 4 4
1 1 4 4
1 1 4 4
1 1 4 6
1 1 4 6
1 2 4 6
1 2 4 6
2 2 5 4
1 1 5 4
6 6 5 4
3 4 5 4
2 2 5 6
1 2 5 6
7 9 5 6
3 6 5 6
1 1 6 4
1 2 6 4
6 7 6 4
2 3 6 4
1 1 6 6
1 2 6 6
4 10 6 6
2 4 6 6
2 5 7 4
2 5 7 4
11 11 7 4
5 6 7 4
3 12 7 6
3 11 7 6
12 24 7 6
8 15 7 6
1 1 7 4
2 2 7 4
1 1 7 4
4 4 7 4
1 1 7 4
4 4 7 4
1 1 4 4
1 1 4 4
2 2 4 4
2 2 4 4
1 1 4 6
1 1 4 6
2 3 4 6
1 2 4 6
1 1 5 4
1 1 5 4
2 2 5 4
2 2 5 4
1 1 5 6
1 1 5 6
2 2 5 6
2 2 5 6
1 1 6 4
1 1 6 4
3 3 6 4
3 4 6 4
1 1 6 6
1 1 6 6
2 6 6 6
3 4 6 6
1 1 7 4
1 1 7 4
3 3 7 4
3 5 7 4
1 1 7 6
1 1 7 6
3 6 7 6
4 7 7 6
2 2 4 4
2 2 4 4
4 4 4 4
6 6 4 4
3 3 4 6
2 2 4 6
3 4 4 6
6 6 4 6
1 1 5 4
5 5 5 4
1 1 5 4
2 2 5 4
4 4 5 6
7 8 5 6
6 10 5 6
5 8 5 6
4 4 6 4
2 2 6 4
5 5 6 4
4 4 6 4
8 9 6 6
12 12 6 6
8 13 6 6
6 7 6 6
5 5 7 4
1 1 7 4
10 10 7 4
7 8 7 4
8 10 7 6
2 27 7 6
21 37 7 6
6 8 7 6
