producer checker n k
2.328896000 4.476256000 4 4
1.025493000 0.879863000 4 4
0.938909000 0.859314000 4 4
0.750992000 0.835135000 4 4
0.954291000 1.152263000 4 6
0.939635000 1.145225000 4 6
1.104407000 1.470536000 4 6
1.205017000 1.844450000 4 6
1.525308000 2.217036000 5 4
1.513203000 2.318730000 5 4
2.296125000 2.796577000 5 4
2.611898000 2.763036000 5 4
2.221719000 3.677658000 5 6
2.113606000 3.332197000 5 6
2.861640000 4.055479000 5 6
2.363010000 3.349163000 5 6
4.608442000 8.156678000 6 4
3.961629000 7.765140000 6 4
4.620404000 11.034765000 6 4
3.846065000 7.445105000 6 4
5.221416000 10.842335000 6 6
6.540870000 12.224789000 6 6
5.162432000 12.193674000 6 6
7.106944000 27.377696000 6 6
9.711099000 32.239623000 7 4
8.889063000 22.957893000 7 4
9.520841000 28.331972000 7 4
18.260845000 25.463699000 7 4
9.820170000 32.134017000 7 6
11.621878000 36.695563000 7 6
12.957143000 32.475490000 7 6
11.666865000 41.156421000 7 6
4.609677000 14.612513000 7 4
3.919818000 6.038232000 7 4
5.003106000 12.260602000 7 4
6.179728000 6.404834000 7 4
14.676443000 13.596851000 7 4
6.159295000 6.923583000 7 4
1.068735000 1.129346000 4 4
0.817543000 0.839551000 4 4
0.773154000 0.996677000 4 4
1.001485000 1.687274000 4 4
2.930347000 1.558813000 4 6
1.017510000 1.566288000 4 6
1.027784000 1.152813000 4 6
1.007741000 1.257383000 4 6
1.809655000 3.199456000 5 4
1.629132000 2.768776000 5 4
1.679530000 2.728862000 5 4
1.796469000 2.785931000 5 4
2.686630000 4.141030000 5 6
2.770636000 4.282503000 5 6
2.907341000 4.701792000 5 6
2.379872000 5.298910000 5 6
8.471488000 13.474437000 6 4
3.427580000 11.077227000 6 4
3.559663000 11.067378000 6 4
3.825010000 13.086610000 6 4
4.704397000 16.995136000 6 6
5.948984000 28.523481000 6 6
8.134999000 15.464458000 6 6
5.847353000 21.474529000 6 6
9.043542000 49.267954000 7 4
7.579002000 47.404611000 7 4
9.006287000 47.912432000 7 4
7.893953000 47.196308000 7 4
10.123330000 67.325706000 7 6
10.380558000 69.727433000 7 6
14.592895000 63.874665000 7 6
10.866964000 66.963831000 7 6
0.713980000 0.736030000 4 4
0.677487000 1.076719000 4 4
0.838949000 0.987765000 4 4
0.951232000 1.249345000 4 4
1.145097000 0.955003000 4 6
0.875268000 0.942923000 4 6
0.933866000 1.064345000 4 6
1.130879000 1.014457000 4 6
1.552781000 1.661486000 5 4
2.029207000 1.818487000 5 4
1.820711000 2.258674000 5 4
1.839584000 1.774636000 5 4
2.283030000 2.477179000 5 6
18.558166000 4.344506000 5 6
3.813491000 2.958938000 5 6
2.938050000 2.689809000 5 6
6.022486000 7.053262000 6 4
3.954371000 5.322923000 6 4
6.638296000 5.855739000 6 4
6.588755000 5.819672000 6 4
7.016248000 6.929207000 6 6
9.001868000 7.170619000 6 6
9.722334000 8.221351000 6 6
9.225203000 7.643779000 6 6
12.590049000 17.178628000 7 4
9.212351000 16.371391000 7 4
24.282582000 21.838067000 7 4
21.239193000 17.899051000 7 4
21.182599000 23.345506000 7 6
43.912328000 23.940143000 7 6
89.605955000 25.889166000 7 6
59.175929000 31.570233000 7 6
